1754.659 

       [,1]  [,2]  [,3]  [,4]  [,5]  [,6]  [,7]  [,8]  [,9] [,10] [,11] [,12]
 [1,] 1.000 0.985 0.970 0.956 0.942 0.928 0.914 0.000 0.000 0.000 0.000 0.000
 [2,] 0.985 1.000 0.985 0.970 0.956 0.942 0.928 0.000 0.000 0.000 0.000 0.000
 [3,] 0.970 0.985 1.000 0.985 0.970 0.956 0.942 0.000 0.000 0.000 0.000 0.000
 [4,] 0.956 0.970 0.985 1.000 0.985 0.970 0.956 0.000 0.000 0.000 0.000 0.000
 [5,] 0.942 0.956 0.970 0.985 1.000 0.985 0.970 0.000 0.000 0.000 0.000 0.000
 [6,] 0.928 0.942 0.956 0.970 0.985 1.000 0.985 0.000 0.000 0.000 0.000 0.000
 [7,] 0.914 0.928 0.942 0.956 0.970 0.985 1.000 0.000 0.000 0.000 0.000 0.000
 [8,] 0.000 0.000 0.000 0.000 0.000 0.000 0.000 1.000 0.568 0.568 0.568 0.568
 [9,] 0.000 0.000 0.000 0.000 0.000 0.000 0.000 0.568 1.000 0.568 0.568 0.568
[10,] 0.000 0.000 0.000 0.000 0.000 0.000 0.000 0.568 0.568 1.000 0.568 0.568
[11,] 0.000 0.000 0.000 0.000 0.000 0.000 0.000 0.568 0.568 0.568 1.000 0.568
[12,] 0.000 0.000 0.000 0.000 0.000 0.000 0.000 0.568 0.568 0.568 0.568 1.000
[13,] 0.000 0.000 0.000 0.000 0.000 0.000 0.000 0.568 0.568 0.568 0.568 0.568
[14,] 0.000 0.000 0.000 0.000 0.000 0.000 0.000 0.568 0.568 0.568 0.568 0.568
[15,] 0.000 0.000 0.000 0.000 0.000 0.000 0.000 0.568 0.568 0.568 0.568 0.568
[16,] 0.000 0.000 0.000 0.000 0.000 0.000 0.000 0.000 0.000 0.000 0.000 0.000
[17,] 0.000 0.000 0.000 0.000 0.000 0.000 0.000 0.000 0.000 0.000 0.000 0.000
[18,] 0.000 0.000 0.000 0.000 0.000 0.000 0.000 0.000 0.000 0.000 0.000 0.000
[19,] 0.000 0.000 0.000 0.000 0.000 0.000 0.000 0.000 0.000 0.000 0.000 0.000
[20,] 0.000 0.000 0.000 0.000 0.000 0.000 0.000 0.000 0.000 0.000 0.000 0.000
[21,] 0.000 0.000 0.000 0.000 0.000 0.000 0.000 0.000 0.000 0.000 0.000 0.000
[22,] 0.000 0.000 0.000 0.000 0.000 0.000 0.000 0.000 0.000 0.000 0.000 0.000
[23,] 0.000 0.000 0.000 0.000 0.000 0.000 0.000 0.000 0.000 0.000 0.000 0.000
[24,] 0.000 0.000 0.000 0.000 0.000 0.000 0.000 0.000 0.000 0.000 0.000 0.000
[25,] 0.000 0.000 0.000 0.000 0.000 0.000 0.000 0.000 0.000 0.000 0.000 0.000
[26,] 0.000 0.000 0.000 0.000 0.000 0.000 0.000 0.000 0.000 0.000 0.000 0.000
[27,] 0.000 0.000 0.000 0.000 0.000 0.000 0.000 0.000 0.000 0.000 0.000 0.000
[28,] 0.000 0.000 0.000 0.000 0.000 0.000 0.000 0.000 0.000 0.000 0.000 0.000
[29,] 0.000 0.000 0.000 0.000 0.000 0.000 0.000 0.000 0.000 0.000 0.000 0.000
[30,] 0.000 0.000 0.000 0.000 0.000 0.000 0.000 0.000 0.000 0.000 0.000 0.000
[31,] 0.000 0.000 0.000 0.000 0.000 0.000 0.000 0.000 0.000 0.000 0.000 0.000
      [,13] [,14] [,15] [,16] [,17] [,18] [,19] [,20] [,21] [,22] [,23] [,24]
 [1,] 0.000 0.000 0.000     0     0     0     0     0     0     0     0 0.000
 [2,] 0.000 0.000 0.000     0     0     0     0     0     0     0     0 0.000
 [3,] 0.000 0.000 0.000     0     0     0     0     0     0     0     0 0.000
 [4,] 0.000 0.000 0.000     0     0     0     0     0     0     0     0 0.000
 [5,] 0.000 0.000 0.000     0     0     0     0     0     0     0     0 0.000
 [6,] 0.000 0.000 0.000     0     0     0     0     0     0     0     0 0.000
 [7,] 0.000 0.000 0.000     0     0     0     0     0     0     0     0 0.000
 [8,] 0.568 0.568 0.568     0     0     0     0     0     0     0     0 0.000
 [9,] 0.568 0.568 0.568     0     0     0     0     0     0     0     0 0.000
[10,] 0.568 0.568 0.568     0     0     0     0     0     0     0     0 0.000
[11,] 0.568 0.568 0.568     0     0     0     0     0     0     0     0 0.000
[12,] 0.568 0.568 0.568     0     0     0     0     0     0     0     0 0.000
[13,] 1.000 0.568 0.568     0     0     0     0     0     0     0     0 0.000
[14,] 0.568 1.000 0.568     0     0     0     0     0     0     0     0 0.000
[15,] 0.568 0.568 1.000     0     0     0     0     0     0     0     0 0.000
[16,] 0.000 0.000 0.000     1     0     0     0     0     0     0     0 0.000
[17,] 0.000 0.000 0.000     0     1     0     0     0     0     0     0 0.000
[18,] 0.000 0.000 0.000     0     0     1     0     0     0     0     0 0.000
[19,] 0.000 0.000 0.000     0     0     0     1     0     0     0     0 0.000
[20,] 0.000 0.000 0.000     0     0     0     0     1     0     0     0 0.000
[21,] 0.000 0.000 0.000     0     0     0     0     0     1     0     0 0.000
[22,] 0.000 0.000 0.000     0     0     0     0     0     0     1     0 0.000
[23,] 0.000 0.000 0.000     0     0     0     0     0     0     0     1 0.000
[24,] 0.000 0.000 0.000     0     0     0     0     0     0     0     0 1.000
[25,] 0.000 0.000 0.000     0     0     0     0     0     0     0     0 0.872
[26,] 0.000 0.000 0.000     0     0     0     0     0     0     0     0 0.761
[27,] 0.000 0.000 0.000     0     0     0     0     0     0     0     0 0.664
[28,] 0.000 0.000 0.000     0     0     0     0     0     0     0     0 0.579
[29,] 0.000 0.000 0.000     0     0     0     0     0     0     0     0 0.505
[30,] 0.000 0.000 0.000     0     0     0     0     0     0     0     0 0.441
[31,] 0.000 0.000 0.000     0     0     0     0     0     0     0     0 0.384
      [,25] [,26] [,27] [,28] [,29] [,30] [,31]
 [1,] 0.000 0.000 0.000 0.000 0.000 0.000 0.000
 [2,] 0.000 0.000 0.000 0.000 0.000 0.000 0.000
 [3,] 0.000 0.000 0.000 0.000 0.000 0.000 0.000
 [4,] 0.000 0.000 0.000 0.000 0.000 0.000 0.000
 [5,] 0.000 0.000 0.000 0.000 0.000 0.000 0.000
 [6,] 0.000 0.000 0.000 0.000 0.000 0.000 0.000
 [7,] 0.000 0.000 0.000 0.000 0.000 0.000 0.000
 [8,] 0.000 0.000 0.000 0.000 0.000 0.000 0.000
 [9,] 0.000 0.000 0.000 0.000 0.000 0.000 0.000
[10,] 0.000 0.000 0.000 0.000 0.000 0.000 0.000
[11,] 0.000 0.000 0.000 0.000 0.000 0.000 0.000
[12,] 0.000 0.000 0.000 0.000 0.000 0.000 0.000
[13,] 0.000 0.000 0.000 0.000 0.000 0.000 0.000
[14,] 0.000 0.000 0.000 0.000 0.000 0.000 0.000
[15,] 0.000 0.000 0.000 0.000 0.000 0.000 0.000
[16,] 0.000 0.000 0.000 0.000 0.000 0.000 0.000
[17,] 0.000 0.000 0.000 0.000 0.000 0.000 0.000
[18,] 0.000 0.000 0.000 0.000 0.000 0.000 0.000
[19,] 0.000 0.000 0.000 0.000 0.000 0.000 0.000
[20,] 0.000 0.000 0.000 0.000 0.000 0.000 0.000
[21,] 0.000 0.000 0.000 0.000 0.000 0.000 0.000
[22,] 0.000 0.000 0.000 0.000 0.000 0.000 0.000
[23,] 0.000 0.000 0.000 0.000 0.000 0.000 0.000
[24,] 0.872 0.761 0.664 0.579 0.505 0.441 0.384
[25,] 1.000 0.872 0.761 0.664 0.579 0.505 0.441
[26,] 0.872 1.000 0.872 0.761 0.664 0.579 0.505
[27,] 0.761 0.872 1.000 0.872 0.761 0.664 0.579
[28,] 0.664 0.761 0.872 1.000 0.872 0.761 0.664
[29,] 0.579 0.664 0.761 0.872 1.000 0.872 0.761
[30,] 0.505 0.579 0.664 0.761 0.872 1.000 0.872
[31,] 0.441 0.505 0.579 0.664 0.761 0.872 1.000
